Entropy= 6.554588851677623
Password= B<fB$BIq<EIAH5.R=
Entropy= 6.554588851677623
Password= 3-Wg}zmYQN1U}{\
Entropy= 6.554588851677623
Password= n=BjM5fq~x>"R"l8%5_]
Entropy= 6.554588851677623
Password= >QoZ3=f3JHv1s